862
573
890
263
789
332
730
393
312
323
831
240
615
194
478
321
204
261
762
72
929
214
542
167
355
231
402
395
823
552
738
445
242
184
269
824
483
458
477
634
658
38
339
371
611
300
123
527
612
725
780
902
196
267
94
287
394
440
908
540
110
130
3
291
482
207
577
821
286
619
391
546
768
495
14
405
132
753
274
46
356
835
336
627
558
354
678
561
87
755
595
350
649
799
694
236
623
750
767
277
376
608
364
897
15
551
506
680
112
485
811
518
847
317
352
778
40
783
808
510
297
107
283
152
895
848
435
859
635
575
438
55
33
172
617
491
915
774
60
461
716
822
519
814
818
398
75
533
331
156
169
633
131
547
